trip_id,route_id,service_id,shape_id,direction_id,trip_headsign
0,10400029,0,10399952,0,Megenagna Terminal
1,10400029,0,10399951,1,Legedadi Mission
2,10400258,0,10400257,0,Megenagna Terminal
3,10400258,0,10400256,1,Aba Kiros Roundabout
4,10400405,0,10400404,0,Megenagna Terminal
5,10400405,0,10400403,1,Ayat Chefe Condominium
6,10406491,0,10406489,0,Ayat Chefe Condominium
7,10406491,0,10406490,1,6 Kilo
8,10407732,0,10407730,0,Kotebe Teachers College
9,10407732,0,10407731,1,Piassa Arada
10,10410198,0,10410197,0,Piassa Arada
11,10410198,0,10410196,1,Brass Clinic (Bole)
12,10441511,0,15743389,0,Legehar (Old Train Station)
13,10441511,0,10406696,1,Ayat Chefe Condominium
14,10547202,0,10547201,0,Hanna Mariam
15,10547202,0,10547200,1,Legehar (Old Train Station)
16,10550063,0,10550062,0,Yeshi Debele
17,10550063,0,10550060,1,Autobis Tera
18,10550163,0,10550162,0,Winget
19,10550163,0,10550161,1,Ayer Tena (Terminal)
20,10550650,0,10550648,0,Tulu Dimtu
21,10550650,0,10550649,1,6 Kilo
22,10551230,0,10551229,0,Shegole (Mender 7)
23,10551230,0,10551228,1,Autobis Tera
24,10551231,0,10551227,0,Sansusi
25,10551231,0,10551226,1,Autobis Tera
26,10551605,0,10551604,0,Eyesus
27,10551605,0,10551603,1,Autobis Tera
28,15625520,0,15487613,0,Ayer Tena
29,15625520,0,15487437,1,Piassa Arada
30,15656246,0,15480652,0,German Square
31,15656246,0,15480612,1,Autobis Tera
32,16067901,0,16067899,0,Kality Menaheria
33,16067901,0,16067900,1,Autobis Tera
34,16068007,0,16068005,0,Kera
35,16068007,0,16068006,1,Addisu Gebeya
36,16068572,0,16068570,0,Mexico
37,16068572,0,16068571,1,Gelan Condominium
38,16068674,0,16068673,0,Kotebe Gebriel
39,16068674,0,16068672,1,Arat Kilo
40,16068754,0,16068753,0,Legehar (Old Train Station)
41,16068754,0,16068752,1,Kara Kore
42,16068915,0,16068913,0,Yeshi Debele
43,16068915,0,16068914,1,St. George Church
44,16069113,0,16069111,0,Legehar (Old Train Station)
45,16069113,0,16069112,1,Gurara
46,16069192,0,16069190,0,Saris Abo
47,16069192,0,16069191,1,Shero Meda
48,16069231,0,16069228,0,Legehar (Old Train Station)
49,16069231,0,16069229,1,Alem Bank
50,16069472,0,16069470,0,Megenagna
51,16069472,0,16069471,1,Gurara
52,16069558,0,16069557,0,Autobis Tera
53,16069558,0,16069556,1,Alem Bank
54,16070513,0,16070512,0,Kara Kore
55,16070513,0,16070511,1,Autobis Tera
56,16070566,0,16070565,0,Menlik Hospital
57,16070566,0,16070564,1,Torhailoch
58,16071249,0,16071247,0,Ayer Tena
59,16071249,0,16071248,1,Abuare Roundabout
60,16071322,0,16071321,0,Kera
61,16071322,0,16071320,1,Ayer Tena
62,16071554,0,16071553,0,Yerer Goro
63,16071554,0,16071552,1,Mexico
64,16071657,0,16071656,0,Bethel
65,16071657,0,16071655,1,Legehar (Old Train Station)
66,16071828,0,16071826,0,Hana Mariam
67,16071828,0,16071827,1,Darmar
68,16072018,0,16072016,0,Piassa Arada
69,16072018,0,16072017,1,Mikili Land
70,16072169,0,16072168,0,Alem Bank
71,16072169,0,16072167,1,Ayer Tena
72,16072247,0,16072245,0,Jemmo 3
73,16072247,0,16072246,1,Autobis Tera
74,16072458,0,16072457,0,Kara
75,16072458,0,16072456,1,Legehar (Old Train Station)
76,16074160,0,16074159,0,Anfo Meda
77,16074160,0,16074158,1,Legehar (Old Train Station)
78,16074208,0,16074206,0,Saris Abo
79,16074208,0,16074207,1,Tulu Dimtu Adebabay
80,16074342,0,16074340,0,Sefera
81,16074342,0,16074341,1,Mexico
82,16074676,0,16074675,0,Dil Ber
83,16074676,0,16074674,1,Legehar (Old Train Station)
84,16074771,0,16074769,0,Legehar (Old Train Station)
85,16074771,0,16074770,1,Sebeta
86,16074871,0,16074870,0,Gerji Mebrat Haile
87,16074871,0,16074869,1,Darmar
88,16075030,0,16075028,0,Piassa Arada
89,16075030,0,16075029,1,Gefersa
90,16112803,0,15488085,0,Gurara
91,16112803,0,15488179,1,Autobis Tera
92,16112804,0,15488050,0,Megenagna
93,16112804,0,15743390,1,Aleltu
94,16112805,0,15520257,0,Legehar (Old Train Station)
95,16112805,0,16112801,1,Akaki Korkoro
96,16112806,0,15488233,0,Sansusi
97,16112806,0,16112802,1,Piassa Arada
98,16113471,0,15520470,0,Shero Meda
99,16113471,0,15520553,1,Legehar (Old Train Station)
100,16148441,0,15487095,0,Holeta
101,16148441,0,15487222,1,Merkato
102,16148442,0,15484747,0,Legehar (Old Train Station)
103,16148442,0,15484821,1,Jemmo 3
104,16148443,0,15520388,0,Sululta
105,16148443,0,15520318,1,Autobis Tera
106,16151480,0,15485879,0,Summit Condominuiums
107,16151480,0,15485956,1,Arat Kilo
108,16151481,0,15488574,0,File Doro
109,16151481,0,15488702,1,Autobis Tera
110,16239079,0,16239075,0,Saris Abo
111,16239079,0,16239076,1,Dukem
112,16239080,0,16239077,0,Legehar (Old Train Station)
113,16239080,0,16239078,1,DebreZeit
114,16290773,0,15484447,0,Addisu Gebeya
115,16290773,0,16290767,1,Bole Mickael
116,16290774,0,16290766,0,Legehar (Old Train Station)
117,16290774,0,16290765,1,Kara
118,16290775,0,16290771,0,Summit Condominiums
119,16290775,0,16290770,1,Legehar (Old Train Station)
120,16761109,0,16761108,0,Mekanisa Kore
121,16761109,0,16761107,1,Autobis Tera
122,16761258,0,16761256,0,St. George Church
123,16761258,0,16761257,1,Mekanisa Kore
124,16761408,0,16761407,0,Summit Condominiums
125,16761408,0,16761406,1,Piassa Arada
126,16761711,0,16761710,0,Menagesha
127,16761711,0,16761709,1,Autobis Tera
128,16761937,0,16761935,0,Piassa Arada
129,16761937,0,16761936,1,Bethel
130,16763531,0,16763530,0,Mikili Land
131,16763531,0,16763529,1,Autobis Tera
132,16763585,0,16763584,0,Saris
133,16763585,0,16763583,1,Hana Mariam
134,16763690,0,16763689,0,Winget
135,16763690,0,16763688,1,Stadium
136,16763761,0,16763760,0,Shero Meda
137,16763761,0,16763759,1,Megenagna
138,16763787,0,16763786,0,Saris Abo
139,16763787,0,16763785,1,Ayer Tena
140,16763889,0,16763887,0,Megenagna
141,16763889,0,16763888,1,Bole Bulbula
142,16764498,0,16764496,0,Piassa Arada
143,16764498,0,16764497,1,Addis Sefer
144,16764670,0,16764668,0,Megenagna
145,16764670,0,16764669,1,Kilinto
146,16764708,0,16764707,0,Entoto Mariam
147,16764708,0,16764706,1,4 Kilo
148,16764849,0,16764848,0,Tulu Dimtu
149,16764849,0,16764847,1,Megenagna
150,16765470,0,16765468,0,Piassa Arada
151,16765470,0,16765469,1,Bole Arabsa
152,16765619,0,16765617,0,Megenagna
153,16765619,0,16765618,1,Ayer Tena
154,16765723,0,16765722,0,Koye Feche
155,16765723,0,16765721,1,Piassa Arada
156,16793879,0,16793878,0,Raguel Church
157,16793879,0,16793877,1,Kechenie
158,16794104,0,16794102,0,Piassa Arada
159,16794104,0,16794103,1,Jemmo 3
160,16794335,0,16794334,0,Tulu Dimtu
161,16794335,0,16794333,1,Piassa Arada
162,16794581,0,16794579,0,Megenagna
163,16794581,0,16794580,1,Addisu Gebeya
164,16794648,0,16794647,0,Megenagna
165,16794648,0,16794646,1,Koye Feche
166,16794702,0,16794701,0,Kela
167,16794702,0,16794700,1,Autobis Tera
168,16794769,0,16794768,0,Summit Condominiums
169,16794769,0,16794767,1,Megenagna Terminal
170,16794971,0,16794969,0,Megenagna
171,16794971,0,16794970,1,Haile Garment
172,16795336,0,16795335,0,Yeka Abado
173,16795336,0,16795334,1,Mexico
174,16798923,0,16798922,0,Bole Arabsa
175,16798923,0,16798921,1,Mexico
176,16799067,0,16799065,0,Raguel Church
177,16799067,0,16799066,1,Bela Mazorya
178,16799388,0,16799387,0,Raguel Church
179,16799388,0,16799386,1,Dil Ber
180,16799566,0,16799564,0,Lamberet
181,16799566,0,16799565,1,Autobis Tera
182,16799821,0,16799819,0,Raguel Church
183,16799821,0,16799820,1,Kera
184,16799950,0,16799949,0,Summit Condominiums
185,16799950,0,16799948,1,Bole
186,16800759,0,16800758,0,Gerji
187,16800759,0,16800757,1,Arat Kilo
188,16803209,0,16803207,0,Mexico
189,16803209,0,16803208,1,Alem Gena
190,16803318,0,16803317,0,Bethel
191,16803318,0,16803316,1,Autobis Tera
192,16803475,0,16803474,0,Gerji
193,16803475,0,16803473,1,Autobis Tera
194,16803572,0,16803571,0,Mexico
195,16803572,0,16803570,1,Lafto
196,16804052,0,16804050,0,Megenagna
197,16804052,0,16804051,1,Jemmo 2
198,16804748,0,16804747,0,Sansusi
199,16804748,0,16804746,1,Megenagna
200,16807402,0,16807401,0,Sendafa
201,16807402,0,16807400,1,Raguel Church
202,16807587,0,16807586,0,Yeka Abado
203,16807587,0,16807585,1,Piassa Arada
204,16810442,0,16810441,0,Sebeta
205,16810442,0,16810440,1,Autobis Tera
206,17008501,0,17008500,0,Legedadi
207,17008501,0,17008499,1,Megenagna
208,17008592,0,17008591,0,Tafo Square
209,17008592,0,17008590,1,Piassa Arada
210,17008890,0,17008889,0,Piassa Arada
211,17008890,0,17008888,1,Bole Bulbula
212,17010982,0,17010981,0,Raguel Church
213,17010982,0,17010980,1,Megenagna
214,17011008,0,17011007,0,Kidane Mihret
215,17011008,0,17011006,1,Raguel Church
216,17011060,0,17011058,0,Entoto Mariam
217,17011060,0,17011059,1,Raguel Church
218,17032690,0,17032688,0,Mexico
219,17032690,0,17032689,1,Koye Feche
220,17032741,0,17032740,0,Tulu Dimtu
221,17032741,0,17032739,1,Mexico
222,17032887,0,17032885,0,Piassa Arada
223,17032887,0,17032886,1,Alem Bank Silase
224,17033336,0,17033335,0,Megenagna
225,17033336,0,17033334,1,Gelan Condominium
226,17034807,0,17034806,0,Yerer Goro
227,17034807,0,17034805,1,Megenagna
228,17039849,0,17039847,0,Addis Alem
229,17039849,0,17039848,1,Addis Alem
230,17047999,0,17047998,0,Addisu Gebeya
231,17047999,0,17047997,1,Kality Menaheria
232,17052323,0,17052321,0,Dire Sololiya
233,17052323,0,17052322,1,Autobis Tera
234,17071085,0,17071083,0,Mexico
235,17071085,0,17071084,1,Kara Kore
236,17073030,0,17073028,0,Alem Bank
237,17073030,0,17073029,1,Mexico
238,17082329,0,17082328,0,Teji
239,17082329,0,17082327,1,Merkato
240,17332417,0,17332416,0,Chancho
241,17332417,0,17332415,1,Autobis Tera
242,17065220,0,17065220,0,Bole Mickael
